ID	sexo	modulo	cheque	evolcredor	evoldevedor	evolpoup	idade	salario	cartaocancel	bancsal	tempo	status
1	M	140	0	D	A	M	32	3	0	0	4,5	1
2	M	110	3	A	M	M	55	0	0	0	21,3	1
3	F	110	5	D	A	M	58	11	0	1	111,4	1
4	M	110	0	M	M	M	48	1	1	0	28,0	0
5	M	110	0	A	M	M	41	2	1	0	9,4	1
6	F	999	9	D	A	M	34	4	0	0	1,5	1
7	F	0	0	M	M	M	20	6	1	1	155,8	1
8	M	0	0	A	D	M	27	2	1	0	88,7	1
9	M	110	0	D	M	M	30	3	0	0	10,4	1
10	F	110	0	M	M	M	28	6	0	1	224,6	1
11	M	0	5	M	D	M	26	3	0	1	41,6	0
12	M	0	0	D	D	M	39	3	0	0	68,3	1
13	M	999	0	M	M	A	43	0	0	0	97,3	1
14	F	0	5	A	M	M	25	0	0	1	11,9	1
15	M	0	5	D	A	A	36	1	0	0	4,9	1
16	M	999	5	A	M	M	41	3	0	0	67,9	1
17	F	110	5	M	M	M	30	0	0	0	1,4	1
18	M	120	3	A	M	A	30	4	1	0	144,5	1
19	F	110	0	A	D	M	26	0	0	0	40,9	1
20	M	110	0	A	M	M	37	4	1	1	14,3	1
21	F	110	9	D	A	M	41	4	0	1	0,4	1
22	M	0	0	A	M	M	36	0	0	1	8,3	1
23	F	140	9	D	A	A	50	0	0	0	7,5	1
24	M	110	9	M	M	M	30	0	0	0	5,2	1
25	M	0	0	A	A	A	25	2	1	0	58,3	1
26	M	999	0	M	M	M	23	0	1	0	18,4	1
27	M	110	9	D	A	A	42	4	0	0	100,5	1
28	F	0	3	A	M	M	28	2	0	0	32,0	0
29	M	999	0	A	D	M	35	1	0	1	105,6	0
30	F	999	5	D	A	A	36	2	1	0	32,9	1
31	M	999	0	A	M	A	36	3	0	0	353,9	1
32	F	110	0	A	M	M	60	0	0	0	2,7	0
33	M	110	0	A	M	M	31	1	1	1	45,7	0
34	F	110	0	M	D	M	32	0	0	1	34,6	1
35	M	0	0	A	M	M	32	0	0	0	2,3	1
36	M	110		D	M	M	28	0	0	1	14,7	1
37	F	0	9	A	M	M	32	1	0	1	90,0	1
38	F	0	0	M	A	D	29	3	0	0	1,3	1
39	M	110	0	M	M	M	51	4	1	0	8,9	1
40	M	0	0	M	M	M	23	0	1	1	3,4	1
41	M	0	9	A	M	M	60	9	0	0	118,3	1
42	F	110	9	M	D	M	72	4	0	0	73,6	1
43	M	110	3	A	M	M	23	0	1	1	8,8	1
44	M	140	9	A	M	M	38	1	1	0	4,4	1
45	M	999	5	M	A	A	26	3	0	1	4,1	0
46	M	110	3	A	M	M	31	3	0	0	57,1	1
47	M	0	5	A	D	M	67	1	1	0	8,4	1
48	M	0	0	D	M	M	42	0	0	0	0,8	1
49	F	140	0	A	M	D	32	4	0	0	14,3	1
50	F	0	0	M	M	M	22	0	1	1	8,0	1
51	F	0	3	D	A	D	50	1	0	0	1,4	1
52	M	0	0	A	M	D	41	3	1	0	5,5	1
53	F	110	0	M	M	M	44	4	1	0	8,4	1
54	M	0	0	A	M	D	23	3	1	1	12,4	0
55	M	0	0	A	M	D	25	0	1	0	2,8	1
56	F	110	5	D	M	M	78	4	1	0	57,5	1
57	M	0	5	M	M	M	31	9	0	1	253,3	1
58	F	110	0	A	M	M	27	1	0	0	8,2	1
59	F	0	9	A	M	M	35	3	1	1	80,2	1
60	M	0		D	A	M	31	4	0	0	3,9	0
61	F	140	5	D	M	A	22	4	0	0	284,7	0
62	F	130	0	M	A	M	56	5	0	0	1,8	1
63	M	110	0	M	M	A	58	0	1	0	153,6	0
64	M	0	9	A	D	M	23	0	1	0	96,2	1
65	F	110		D	M	M	31	3	0	1	44,7	0
66	F	999	3	A	A	D	27	4	0	0	4,7	1
67	M	140	0	M	M	M	45	0	0	0	3,0	1
68	F	110	0	D	M	D	23	0	0	1	1,1	0
69	M	110	3	D	M	M	69	0	0	0	1,2	0
70	M	110	0	D	A	M	33	3	1	0	1,4	0
71	M	140	0	A	M	M	39	5	0	0	173,7	1
72	F	110	0	A	M	M	47	0	0	0	2,5	0
73	M	140	0	A	M	D	37	0	0	0	2,1	1
74	M	0	0	M	D	M	31	4	0	0	83,6	1
75	F	999	9	M	M	M	49	3	0	0	27,9	1
76	M	110	5	A	M	M	45	4	1	0	166,1	1
77	M	110	0	A	A	M	44	1	0	0	3,4	1
78	F	110	0	D	M	M	48	1	1	1	23,3	1
79	M	110	5	A	D	M	22	1	0	0	5,6	1
80	M	130	9	M	M	M	28	2	1	0	27,3	0
81	M	0	9	A	A	M	21	4	1	0	8,7	1
82	M	110	5	D	M	M	23	0	1	1	0,6	0
83	M	0	0	D	D	M	39	3	0	0	10,6	1
84	M	0	5	D	M	M	50	3	0	1	9,9	1
85	M	110	0	M	M	M	40	3	0	0	5,7	1
86	F	0	0	A	A	A	57	0	1	0	34,7	1
87	F	110	9	A	M	M	27	5	0	0	100,4	1
88	M	110	0	A	D	D	50	4	0	1	218,2	1
89	M	110	0	D	A	M	35	6	0	1	6,4	1
90	M	110	5	D	M	M	41	0	0	0	2,8	1
91	M	110	9	M	A	M	57	1	0	0	1,6	1
92	F	110	3	A	M	M	38	3	0	1	90,7	1
93	F	999	5	M	D	M	65	1	0	0	8,0	1
94	M	999	0	M	M	D	28	8	0	1	18,4	1
95	F	110	0	M	A	M	53	4	0	0	4,6	1
96	F	0	0	M	M	M	41	2	1	1	4,7	1
97	F	110	0	D	M	A	26	0	1	0	92,7	1
98	F	999	3	A	D	D	35	3	0	0	18,1	1
99	M	110	0	D	M	M	36	1	1	0	8,6	1
100	F	0	0	A	M	M	31	0	0	0	11,1	1
